%YAML:1.0
---
R: !!opencv-matrix
   rows: 3
   cols: 3
   dt: d
   data: [ 9.9999937816979934e-01, -1.0333847966590998e-03,
       4.1925633767538696e-04, 1.0298720988304736e-03,
       9.9996507513293420e-01, 8.2938457813753058e-03,
       -4.2781242933984798e-04, -8.2934088436070891e-03,
       9.9996551757862029e-01 ]
T: !!opencv-matrix
   rows: 3
   cols: 1
   dt: d
   data: [ -3.1120260923876952e+01, 4.9515505389977121e-01,
       -2.9712454676403635e+00 ]
