%YAML:1.0
---
M_L: !!opencv-matrix
   rows: 3
   cols: 3
   dt: d
   data: [ 1.0949976793090993e+03, 0., 6.9254278448471268e+02, 0.,
       1.0870890990794489e+03, 3.3779680828171973e+02, 0., 0., 1. ]
D_L: !!opencv-matrix
   rows: 1
   cols: 5
   dt: d
   data: [ 3.5719924624290750e-01, -1.2142378499237831e+00,
       1.5441886089808933e-02, 1.5871053314748324e-02, 0. ]
M_R: !!opencv-matrix
   rows: 3
   cols: 3
   dt: d
   data: [ 1.0855083328486435e+03, 0., 6.7548441753710256e+02, 0.,
       1.0760670980400537e+03, 3.8141955614819454e+02, 0., 0., 1. ]
D_R: !!opencv-matrix
   rows: 1
   cols: 5
   dt: d
   data: [ 3.5367358392509801e-01, -8.3354215826705913e-01,
       8.1454537419312165e-03, 1.0804280355814757e-02, 0. ]
